spacing: 520
       1     2030     4170 crap
       3     2030     3130 crap
       5     2610     2610 crap
       7     2610     3650 crap
       9      870     1450 crap
      11     1450     3530 crap
      13     1450     2490 crap
      15     1450     1970 crap
      17      290     1330 crap
      19      870     3530 crap
      21      870     2490 crap
      23      290     4450 crap
      25      290     3410 crap
      27     2030     3650 crap
      29     2030     2610 crap
      31     2610     3130 crap
      33     3190     3710 crap
      35     1450     4050 crap
      37     1450     3010 crap
      39     1450     1450 crap
      41      870     4570 crap
      43      870     4050 crap
      45      870     3010 crap
      47      870     1970 crap
      49      290     3930 crap
      51      290     3930 crap
      53      290     2890 crap
      55      290     1850 crap
      57     2950      290 crap
      59     3990      290 crap
      61     2430      290 crap
      63     1390      290 crap
      65     2950      870 crap
      67     3990      870 crap
      69     1910      870 crap
      71     1390      870 crap
      73     2030     2030 crap
      75     3070     1450 crap
      77     4110     1450 crap
      79     3190     2610 crap
      81     3070     2030 crap
      83     3470      290 crap
      85     4510      290 crap
      87     1910      290 crap
      89      870      290 crap
      91     3470      870 crap
      93     4510      870 crap
      95      870      870 crap
      97     2030     1450 crap
      99     2550     1450 crap
     101     3590     1450 crap
     103     2430      870 crap
     105     3710     2610 crap
     107     3710     2610 crap
     109     3590     2030 crap
     111     2550     2030 crap
     113     4170    -2030 crap
     115     3130    -2030 crap
     117     2610    -2610 crap
     119     3650    -2610 crap
     121     1450     -870 crap
     123     3530    -1450 crap
     125     2490    -1450 crap
     127     1970    -1450 crap
     129     1330     -290 crap
     131     3530     -870 crap
     133     2490     -870 crap
     135     4450     -290 crap
     137     3410     -290 crap
     139     3650    -2030 crap
     141     2610    -2030 crap
     143     3130    -2610 crap
     145     3710    -3190 crap
     147     4050    -1450 crap
     149     3010    -1450 crap
     151     1450    -1450 crap
     153     4570     -870 crap
     155     4050     -870 crap
     157     3010     -870 crap
     159     1970     -870 crap
     161     3930     -290 crap
     163     3930     -290 crap
     165     2890     -290 crap
     167     1850     -290 crap
     169      290    -2950 crap
     171      290    -3990 crap
     173      290    -2430 crap
     175      290    -1390 crap
     177      870    -2950 crap
     179      870    -3990 crap
     181      870    -1910 crap
     183      870    -1390 crap
     185     2030    -2030 crap
     187     1450    -3070 crap
     189     1450    -4110 crap
     191     2610    -3190 crap
     193     2030    -3070 crap
     195      290    -3470 crap
     197      290    -4510 crap
     199      290    -1910 crap
     201      290     -870 crap
     203      870    -3470 crap
     205      870    -4510 crap
     207      870     -870 crap
     209     1450    -2030 crap
     211     1450    -2550 crap
     213     1450    -3590 crap
     215      870    -2430 crap
     217     2610    -3710 crap
     219     2610    -3710 crap
     221     2030    -3590 crap
     223     2030    -2550 crap
     225    -2030    -4170 crap
     227    -2030    -3130 crap
     229    -2610    -2610 crap
     231    -2610    -3650 crap
     233     -870    -1450 crap
     235    -1450    -3530 crap
     237    -1450    -2490 crap
     239    -1450    -1970 crap
     241     -290    -1330 crap
     243     -870    -3530 crap
     245     -870    -2490 crap
     247     -290    -4450 crap
     249     -290    -3410 crap
     251    -2030    -3650 crap
     253    -2030    -2610 crap
     255    -2610    -3130 crap
     257    -3190    -3710 crap
     259    -1450    -4050 crap
     261    -1450    -3010 crap
     263    -1450    -1450 crap
     265     -870    -4570 crap
     267     -870    -4050 crap
     269     -870    -3010 crap
     271     -870    -1970 crap
     273     -290    -3930 crap
     275     -290    -3930 crap
     277     -290    -2890 crap
     279     -290    -1850 crap
     281    -2950     -290 crap
     283    -3990     -290 crap
     285    -2430     -290 crap
     287    -1390     -290 crap
     289    -2950     -870 crap
     291    -3990     -870 crap
     293    -1910     -870 crap
     295    -1390     -870 crap
     297    -2030    -2030 crap
     299    -3070    -1450 crap
     301    -4110    -1450 crap
     303    -3190    -2610 crap
     305    -3070    -2030 crap
     307    -3470     -290 crap
     309    -4510     -290 crap
     311    -1910     -290 crap
     313     -870     -290 crap
     315    -3470     -870 crap
     317    -4510     -870 crap
     319     -870     -870 crap
     321    -2030    -1450 crap
     323    -2550    -1450 crap
     325    -3590    -1450 crap
     327    -2430     -870 crap
     329    -3710    -2610 crap
     331    -3710    -2610 crap
     333    -3590    -2030 crap
     335    -2550    -2030 crap
     337    -4170     2030 crap
     339    -3130     2030 crap
     341    -2610     2610 crap
     343    -3650     2610 crap
     345    -1450      870 crap
     347    -3530     1450 crap
     349    -2490     1450 crap
     351    -1970     1450 crap
     353    -1330      290 crap
     355    -3530      870 crap
     357    -2490      870 crap
     359    -4450      290 crap
     361    -3410      290 crap
     363    -3650     2030 crap
     365    -2610     2030 crap
     367    -3130     2610 crap
     369    -3710     3190 crap
     371    -4050     1450 crap
     373    -3010     1450 crap
     375    -1450     1450 crap
     377    -4570      870 crap
     379    -4050      870 crap
     381    -3010      870 crap
     383    -1970      870 crap
     385    -3930      290 crap
     387    -3930      290 crap
     389    -2890      290 crap
     391    -1850      290 crap
     393     -290     2950 crap
     395     -290     3990 crap
     397     -290     2430 crap
     399     -290     1390 crap
     401     -870     2950 crap
     403     -870     3990 crap
     405     -870     1910 crap
     407     -870     1390 crap
     409    -2030     2030 crap
     411    -1450     3070 crap
     413    -1450     4110 crap
     415    -2610     3190 crap
     417    -2030     3070 crap
     419     -290     3470 crap
     421     -290     4510 crap
     423     -290     1910 crap
     425     -290      870 crap
     427     -870     3470 crap
     429     -870     4510 crap
     431     -870      870 crap
     433    -1450     2030 crap
     435    -1450     2550 crap
     437    -1450     3590 crap
     439     -870     2430 crap
     441    -2610     3710 crap
     443    -2610     3710 crap
     445    -2030     3590 crap
     447    -2030     2550 crap
